1571597547231 13583.018089294434 0
1571601882947 10706.483484268188 1
1571605955346 9448.923578500748 2
1571610029919 8687.241065502167 3
1571614095014 8157.050870418549 4
1571618163769 7737.245131492615 5
1571622226794 7404.915724039078 6
1571626285398 7122.6022872924805 7
1571630343730 6889.258031129837 8
1571634410405 6684.7817170619965 9
1571638452055 6501.354875087738 10
1571642492597 6349.249690055847 11
1571646520242 6200.108297109604 12
1571650545418 6065.449259757996 13
1571654531060 5943.203832626343 14
1571658483645 5839.187131881714 15
1571662445886 5738.73710334301 16
1571666509977 5643.519890666008 17
1571670588573 5554.855801820755 18
1571674657602 5479.625453591347 19
1571679129987 5403.938421368599 19
1571683190539 5329.909898281097 20
1571687250201 5255.360595941544 21
1571691303926 5181.155854821205 22
1571695360060 5138.603909373283 23
1571699420397 5070.772260904312 24
1571703477716 5019.131190061569 25
1571707542293 4966.719615340233 26
1571711596217 4915.906804561615 27
1571715658006 4870.926015496254 28
1571719719001 4819.40293431282 29
1571723774961 4787.162974953651 30
1571727833352 4741.8979659080505 31
1571731890300 4696.496524214745 32
1571735942372 4657.590079545975 33
1571740004927 4629.182799458504 34
1571744056998 4593.057939171791 35
1571748113709 4554.85368335247 36
1571752123127 4522.926578164101 37
1571756211760 4498.934348106384 38
1571761104837 4495.727231025696 37
1571765197330 4462.921264052391 38
1571769267957 4428.918111920357 39
1571773344930 4393.06324326992 40
1571777429168 4379.889400720596 41
1571781487510 4343.648883104324 42
1571785554922 4319.427478671074 43
1571789634290 4294.876546382904 44
1571793735969 4269.151193261147 45
1571797843050 4247.777726888657 46
1571801941867 4218.081045269966 47
1571806040070 4206.58221578598 48
1571810136732 4180.282486796379 49
1571814233040 4151.522877693176 50
1571818323028 4132.734493732452 51
1571822420061 4120.099794387817 52
1571826511315 4097.778347253799 53
1571830595695 4077.452450156212 54
1571834688851 4058.2615846395493 55
1571838760363 4084.2958483695984 56
1571847467201 3741.6189900636673 56
1571851665795 3664.8235626220703 57
1571855847601 3626.784429192543 58
1571860046077 3601.76598572731 59
1571864234688 3593.437916278839 60
1571868433192 3571.731992006302 61
1571872632714 3560.1619766950607 62
1571876811857 3547.338084578514 63
1571881003968 3535.128173351288 64
1571885182181 3524.847059369087 65
1571889372795 3505.3935631513596 66
1571893575625 3500.554212331772 67
1571897776745 3484.163030385971 68
1571901966305 3461.8153516054153 69
1571906168194 3449.2405462265015 70
1571910347111 3434.1019934415817 71
1571914537538 3407.63077378273 72
1571918755705 3375.8005709648132 73
1571922950729 3325.666992545128 74
1571927146506 3276.537559390068 75
1571972013180 3499.1462047100067 70
1571976222481 3495.3813437223434 71
1571980414954 3484.133219718933 72
1571984607204 3475.688964486122 73
1571988807927 3480.1599003076553 74
1571992964374 3469.2701330184937 75
1571997085502 3466.2668085098267 76
1572001200078 3460.247175216675 77
1572005313034 3454.571501493454 78
1572009434435 3449.2404057979584 79
1572013549520 3434.379830956459 80
1572017666778 3434.0148454904556 81
1572021859642 3420.818299174309 82
1572026063376 3401.3208792209625 83
1572030271152 3391.1052881479263 84
1572034469267 3405.718558907509 85
1572038675175 3383.181129217148 86
1572042878987 3355.118456840515 87
1572047084433 3308.122096657753 88
1572051288459 3256.3628684282303 89
1572173893352 3482.052013874054 81
1572178076158 3482.0430068969727 82
1572182257610 3472.428968191147 83
1572186437041 3464.8948028087616 84
1572190625229 3470.146597266197 85
1572194814085 3459.884120821953 86
1572199005598 3457.3300520181656 87
1572203205770 3451.829954624176 88
1572207409396 3446.555030465126 89
1572211603164 3441.4935953617096 90
1572215807114 3426.8141305446625 91
1572220009089 3426.444551229477 92
1572224208805 3418.3848019838333 93
1572228422944 3399.2510293126106 94
1572232618845 3388.827345252037 95
1572236804700 3404.16465818882 96
1572241002530 3382.186524271965 97
1572245190907 3354.6495435237885 98
1572249398910 3308.079643368721 99
1572253586807 3255.7754143476486 100
1572257754398 3535.488745331764 101
1572261844664 3538.0685410499573 102
1572265938592 3536.6631075143814 103
1572270021076 3535.9029430150986 104
