1571597547241 0.06633951701846832 0
1571601882958 0.1771611351213386 1
1571605955357 0.24525842454574617 2
1571610029929 0.2915295195708288 3
1571614095032 0.32522536094045507 4
1571618163780 0.3529188622560525 5
1571622226806 0.3747926694958581 6
1571626285408 0.39443023430981283 7
1571630343742 0.41078797689918645 8
1571634410416 0.42492274621497433 9
1571638452066 0.4384572815253593 10
1571642492623 0.4493489139198871 11
1571646520252 0.4599408195808977 12
1571650545431 0.46973813718274043 13
1571654531072 0.4787962849495811 14
1571658483655 0.4867679233074221 15
1571662445896 0.49424704195471786 16
1571666509988 0.500949524925322 17
1571670588585 0.5072640803267646 18
1571674657615 0.5135357061179378 19
1571679129999 0.5190361600009991 19
1571683190562 0.5246458892556551 20
1571687250213 0.5303945543399105 21
1571691303939 0.5356811407099933 22
1571695360071 0.5390757020747491 23
1571699420407 0.5446932367130904 24
1571703477729 0.5479535454784583 25
1571707542305 0.5518999474697678 26
1571711596230 0.55608987743206 27
1571715658016 0.5594883414886583 28
1571719719014 0.5636923211415842 29
1571723774984 0.5657521618961463 30
1571727833363 0.5697360297291454 31
1571731890311 0.5723227338824681 32
1571735942383 0.5759335043753078 33
1571740004938 0.5783110242458633 34
1571744057011 0.581169355751436 35
1571748113722 0.5838036727452393 36
1571752123158 0.5864567226598875 37
1571756211774 0.5883877745836413 38
1571761104850 0.588393238352221 37
1571765197340 0.5908090046028348 38
1571769267968 0.593954574228028 39
1571773344942 0.5968246138091287 40
1571777429179 0.5973304026719389 41
1571781487522 0.6011324050650696 42
1571785554934 0.6024351236021533 43
1571789634303 0.6044364239790754 44
1571793735995 0.6062144903825964 45
1571797843063 0.6081424201528762 46
1571801941879 0.6109554804330739 47
1571806040083 0.6112481823212743 48
1571810136746 0.6140354848353103 49
1571814233051 0.6154685532799393 50
1571818323040 0.6173551145166868 51
1571822420073 0.6183300069389861 52
1571826511326 0.6198387876053629 53
1571830595707 0.6214716738723367 54
1571834688874 0.6228126387894787 55
1571838760375 0.621136042373867 56
1571847467213 0.6521374652953128 56
1571851665807 0.6593433955136215 57
1571855847614 0.6626286815067824 58
1571860046089 0.6645714415060644 59
1571864234716 0.6653035864957496 60
1571868433204 0.6676631539838288 61
1571872632726 0.6682220194556994 62
1571876811870 0.669704261817546 63
1571881003999 0.6705246076428756 64
1571885182194 0.671479206067593 65
1571889372807 0.6730496492650841 66
1571893575638 0.673581195894056 67
1571897776758 0.6750618771791655 68
1571901966317 0.6767158379820898 69
1571906168208 0.6772700202237492 70
1571910347124 0.67929317567499 71
1571914537551 0.6816308880887504 72
1571918755718 0.6851550188226827 73
1571922950742 0.6895876962175891 74
1571927146519 0.6945971914668423 75
1571972013213 0.6734367962958772 70
1571976222512 0.6740042476898016 71
1571980414967 0.6747925914420212 72
1571984607215 0.675367848219631 73
1571988807941 0.6750337777978983 74
1571992964387 0.6767080325984044 75
1571997085515 0.676346643333773 76
1572001200090 0.6772317738436909 77
1572005313047 0.6775330616539452 78
1572009434449 0.6779522107578482 79
1572013549532 0.6793759127420547 80
1572017666791 0.6794594303474879 81
1572021859656 0.6805677948308066 82
1572026063409 0.6820258405032287 83
1572030271165 0.6828407225599785 84
1572034469281 0.6816753787757568 85
1572038675188 0.6839584535037196 86
1572042879000 0.6868113212407125 87
1572047084446 0.6910925741921232 88
1572051288472 0.6965984918437643 89
1572173893387 0.6748628398951894 81
1572178076190 0.6751711525507603 82
1572182257622 0.6758869062347064 83
1572186437054 0.6763279104129282 84
1572190625241 0.675847098777911 85
1572194814098 0.6774315916660357 86
1572199005612 0.6771287427790444 87
1572203205783 0.6779295751451606 88
1572207409409 0.6781785668847231 89
1572211603177 0.678654695289529 90
1572215807126 0.6800846415806838 91
1572220009103 0.6801650370326429 92
1572224208819 0.680860496719007 93
1572228422957 0.6822990289322157 94
1572232618858 0.6830826894542241 95
1572236804714 0.6818681717527848 96
1572241002544 0.6840068468825687 97
1572245190920 0.6868846918473548 98
1572249398923 0.6911862387963474 99
1572253586819 0.6965875643066048 100
1572257754411 0.6701991231431967 101
1572261844677 0.6698908104876258 102
1572265938605 0.6699345206362637 103
1572270021090 0.670294348824158 104
