1572991943828 5192.328419744968 83
1572996126861 5176.2185688614845 84
1573000340835 5176.3375235795975 85
1573004543247 5167.318888366222 86
1573008731104 5161.755002260208 87
1573012921591 5165.320275187492 88
1573017109719 5161.823970258236 89
1573021291874 5169.156132519245 90
1573025485814 5159.404506921768 91
1573029687757 5147.030611753464 92
1573033880219 5145.112778484821 93
1573038073511 5140.084007918835 94
1573042255857 5142.830530107021 95
1573046453533 5127.918895304203 96
1573050640981 5144.007553040981 97
1573054856546 5126.200061380863 98
1573059065627 5120.672353565693 99
1573063269264 5117.732236802578 100
1573067491603 5105.252323567867 101
1573071695493 5104.383943796158 102
1573075906634 5110.02437800169 103
1573080092471 5104.49291408062 104
1573084281546 5107.072677969933 105
1573088467546 5095.013455748558 106
1573092652531 5086.88727670908 107
1573096838517 5079.007800221443 108
1573101015240 5148.451883614063 109
1573105200059 5132.083199262619 110
1573109382678 5139.005777657032 111
1573113557165 5138.414407253265 112
1573186648963 5144.093095481396 104
1573190859419 5135.977055609226 105
1573195064586 5138.668210506439 106
1573199273125 5132.30869448185 107
1573203476413 5128.53321158886 108
1573207676390 5133.53468888998 109
1573211873176 5131.393025875092 110
1573216078754 5139.934954285622 111
1573220279507 5131.56822013855 112
1573224478195 5119.953324973583 113
1573228694150 5118.876901626587 114
