1572991943850 0.7494495253155912 83
1572996126884 0.7498944321856558 84
1573000340846 0.7504267593529962 85
1573004543269 0.7503604135916707 86
1573008731129 0.7505922334871254 87
1573012921615 0.7506000388708107 88
1573017109741 0.7504431506587353 89
1573021291896 0.7504010015868345 90
1573025485831 0.7507007283203517 91
1573029687768 0.7513243784768106 92
1573033880233 0.7514789250737803 93
1573038073521 0.7515593205257394 94
1573042255877 0.7517942625746683 95
1573046453552 0.7522095089867286 96
1573050641001 0.7518816828719441 97
1573054856569 0.7525982170942586 98
1573059065649 0.7521111611522932 99
1573063269282 0.7525537264072522 100
1573067491627 0.7531313247999676 101
1573071695512 0.753267919014461 102
1573075906656 0.7532874324736744 103
1573080092492 0.7536456995848316 104
1573084281569 0.753266357937724 105
1573088467568 0.753687068118364 106
1573092652553 0.7543411592711957 107
1573096838540 0.7544519957195276 108
1573101015262 0.7513634053952373 109
1573105200079 0.7521150638441358 110
1573109382702 0.7513852604695562 111
1573113557179 0.7517162087378149 112
1573186648980 0.7513634053952373 104
1573190859441 0.7516646932054916 105
1573195064606 0.752243852674944 106
1573199273146 0.7519004157927889 107
1573203476435 0.752062767773444 108
1573207676413 0.7519659810157459 109
1573211873195 0.7518715358731531 110
1573216078768 0.7516717180508083 111
1573220279530 0.7519316373275303 112
1573224478220 0.7526185110918405 113
1573228694163 0.7527730576888103 114
