1572866314787 5963.880195736885 58
1572870492909 5771.171970367432 59
1572874672297 5690.518970966339 60
1572878854704 5628.860369384289 61
1572883035164 5584.4885595440865 62
1572887226575 5555.167730152607 63
1572891429032 5526.322577774525 64
1572895615737 5509.363067626953 65
1572899799908 5481.875192761421 66
1572903976266 5451.015904068947 67
1572908157847 5434.311610877514 68
1572912336783 5414.997179329395 69
1572916514965 5403.865356147289 70
1572920694535 5377.078891634941 71
1572924889827 5381.147103428841 72
1572929067629 5353.204606413841 73
1572933252659 5339.541682958603 74
1572937440767 5326.5518181324005 75
1572941624227 5305.988907635212 76
1572945820411 5297.455070972443 77
1572950021087 5296.6473088264465 78
1572954205800 5283.881764173508 79
1572958392779 5282.338739335537 80
1572962575389 5263.935830771923 81
1572966773383 5251.675186932087 82
1572970971227 5241.228037178516 83
1572975150271 5234.181462824345 84
1572979341726 5210.7859028577805 85
1572983541433 5211.622112452984 86
1572987731712 5204.840786099434 87
