1572866314809 0.7130233607328319 58
1572870492932 0.7221743925655282 59
1572874672318 0.7262690968468591 60
1572878854727 0.728587295801406 61
1572883035187 0.7311131179619831 62
1572887226597 0.732305000050735 63
1572891429052 0.7337809981056334 64
1572895615760 0.7348323832880491 65
1572899799932 0.7357385883339175 66
1572903976285 0.7371131164009064 67
1572908157869 0.7379295595343932 68
1572912336806 0.7386078473766495 69
1572916514989 0.7394547315065093 70
1572920694559 0.7403710835511685 71
1572924889849 0.7406723713614228 72
1572929067652 0.7421023176525777 73
1572933252679 0.7418096157643773 74
1572937440783 0.7426166924374418 75
1572941624250 0.7437726697612411 76
1572945820422 0.7443455849237453 77
1572950021111 0.7445219865950341 78
1572954205811 0.7451347092143334 79
1572958392793 0.7449910901545231 80
1572962575410 0.745624887309773 81
1572966773406 0.746340640993719 82
1572970971249 0.7467121772571413 83
1572975150285 0.7471961110456327 84
1572979341747 0.7482334465374147 85
1572983541445 0.7478182001253545 86
1572987731736 0.7485378565011431 87
