1572612411403 25232.277826547623 0
1572616659931 19368.16680574417 1
1572620896565 16879.336448907852 2
1572625136297 15369.82797241211 3
1572629378945 14306.306269645691 4
1572633618963 13492.406836032867 5
1572637892414 12843.132498025894 6
1572642104585 12310.049636483192 7
1572646323151 11856.234088420868 8
1572650543788 11458.165033459663 9
1572654796091 11111.006613850594 10
1572659039123 10813.037563800812 11
1572663253796 10542.642018198967 12
1572667501647 10284.087289690971 13
1572671732801 10070.463277697563 14
1572675980395 9848.148053526878 15
1572680202433 9654.615931153297 16
1572684439982 9478.27205824852 17
1572688681807 9308.10184943676 18
1572692918089 9154.678429603577 19
1572697157663 9026.90262913704 20
1572701397503 8889.724259138107 21
1572705613351 8775.335501194 22
1572709848491 8660.782117843628 23
1572714093620 8546.700893998146 24
1572718329775 8439.427730441093 25
1572722580347 8336.035642385483 26
1572726799531 8238.479840278625 27
1572731031470 8165.286497831345 28
1572735263022 8082.644039154053 29
1572739485411 7992.246101498604 30
1572743701197 7907.759706258774 31
1572747927319 7849.057613372803 32
1572752151750 7786.194978237152 33
1572756374028 7697.346758246422 34
1572760607630 7638.098279953003 35
1572764833464 7582.854447484016 36
1572769056821 7512.958021879196 37
1572773309350 7468.145396113396 38
1572777550849 7399.372964143753 39
1572781774554 7346.807885050774 40
1572785998256 7303.898868441582 41
1572790224135 7252.598286271095 42
1572794450876 7202.036636650562 43
1572798673506 7174.043280720711 44
1572802911073 7121.268910288811 45
1572807136827 7077.6684457063675 46
1572811364748 7032.794173836708 47
1572815589219 6991.685802936554 48
1572819814433 6952.690813302994 49
1572824045380 6928.433840870857 50
1572828268438 6888.626415371895 51
1572832500784 6854.75787627697 52
1572836739153 6813.673547387123 53
1572840962042 6786.485330581665 54
1572845202117 6744.301123559475 55
1572849431148 6718.179074645042 56
1572853657492 6685.129107415676 57
1572857882261 6649.670308828354 58
1572862108546 6636.429105877876 59
