1572612411425 0.10181108317651016 0
1572616659953 0.23165207970545604 1
1572620896584 0.3058836201681748 2
1572625136315 0.3540685952729035 3
1572629378966 0.389691585874441 4
1572633618986 0.41838807899360503 5
1572637892435 0.44080201878443637 6
1572642104605 0.4601351736346628 7
1572646323172 0.4774358065732258 8
1572650543798 0.49129894853676376 9
1572654796105 0.5044315065873536 10
1572659039143 0.5158351721516399 11
1572663253819 0.5260984711594976 12
1572667501669 0.5363586480138811 13
1572671732823 0.5443380917554074 14
1572675980413 0.5528311297434292 15
1572680202453 0.5602837100861948 16
1572684440004 0.5667621785450296 17
1572688681827 0.57351461597122 18
1572692918112 0.5796215481666325 19
1572697157677 0.5843039978394698 20
1572701397526 0.5900877871503091 21
1572705613371 0.5945704190008017 22
1572709848512 0.5988743075648998 23
1572714093638 0.6036785212232285 24
1572718329796 0.6074547658501975 25
1572722580369 0.6118257807139896 26
1572726799550 0.6155169466587884 27
1572731031493 0.6185813402936542 28
1572735263036 0.6223489989985693 29
1572739485434 0.6253587549476376 30
1572743701220 0.6289336206755247 31
1572747927339 0.6318341012529982 32
1572752151773 0.6335942152740431 33
1572756374042 0.6374602218133936 34
1572760607653 0.6393303917444018 35
1572764833487 0.6418866549013517 36
1572769056844 0.6449440236909005 37
1572773309377 0.6466752577923097 38
1572777550863 0.6494258750030246 39
1572781774577 0.6514053203056276 40
1572785998278 0.653736007874071 41
1572790224158 0.6555335877368056 42
1572794450899 0.6573709750563353 43
1572798673521 0.6585019751523415 44
1572802911095 0.6601293976507356 45
1572807136850 0.6621775303297697 46
1572811364772 0.6644161143707261 47
1572815589239 0.6662558433053615 48
1572819814456 0.6679777109463482 49
1572824045403 0.6681018165469451 50
1572828268462 0.6701975620664598 51
1572832500808 0.671376955541315 52
1572836739175 0.6729114939738535 53
1572840962061 0.6744905230933984 54
1572845202133 0.6765449000793807 55
1572849431172 0.6769898069494453 56
1572853657515 0.6786359623686842 57
1572857882285 0.6801384987281127 58
1572862108570 0.6804007596199403 59
