1572473802746 24267.285814762115 0
1572481628255 17420.205812215805 1
1572489446823 14896.26879644394 2
1572497261232 13414.655622243881 3
1572505072853 12425.106958031654 4
1572512879699 11701.250895500183 5
1572520690209 11109.785093426704 6
1572528505875 10643.648560404778 7
1572536310736 10258.784861564636 8
1572544106913 9926.41827571392 9
1572551922287 9649.874985575676 10
1572559737643 9387.542689919472 11
1572567546036 9194.768599152565 12
1572575346527 8968.676030397415 13
1572583159111 8784.271916270256 14
1572590964845 8639.740229129791 15
1572598770016 8483.075616121292 16
1572606569069 8347.381833434105 17
1572614367865 8224.386070132256 18
1572622149374 8110.127464175224 19
1572629940856 7985.982721328735 20
1572637721934 7898.150954604149 21
1572645504905 7801.89541220665 22
1572653286497 7712.407332777977 23
1572661083357 7630.818486571312 24
1572668871358 7548.047528147697 25
1572676661281 7472.130262434483 26
1572684453313 7413.560487627983 27
1572692249958 7344.443032860756 28
1572700044605 7284.542138338089 29
1572717508525 7279.562080919743 28
1572725314804 7214.533845603466 29
1572733098091 7159.613924622536 30
1572740880073 7089.617644906044 31
1572748668231 7035.704219043255 32
1572756450670 6986.135964751244 33
1572764252906 6933.569593787193 34
1572772041163 6876.493660032749 35
1572779831758 6827.294815301895 36
1572787624973 6797.573062360287 37
1572857861965 6606.67442625761 36
1572865673209 6545.909187614918 37
1572873445976 6503.040259063244 38
1572881223300 6455.859498381615 39
1572889001080 6418.22993940115 40
1572896789778 6384.81201004982 41
1572904570109 6367.788739204407 42
1572912364544 6311.405882179737 43
1572920158324 6283.349834084511 44
1572927952173 6522.623254418373 45
1572940412317 6202.762417733669 45
1572948224607 6142.90697491169 46
1572956016055 6107.304319024086 47
1572963812889 6068.768913090229 48
1572971612042 6043.540298521519 49
1572979413371 6018.659088850021 50
1572987204914 5987.791200399399 51
1572995019068 5965.0102244615555 52
1573002774213 5939.657232046127 53
1573010563613 6039.723896682262 54
1573030957043 5878.2198885679245 54
1573038765345 5839.079618990421 55
1573046562197 5817.426831305027 56
1573054360305 5790.021712005138 57
1573062151132 5766.671729624271 58
1573069944769 5749.162038505077 59
1573077727944 5723.00313270092 60
1573085520116 5706.366024792194 61
1573093311895 5686.002717316151 62
1573101116008 5740.1471537947655 63
1573108900370 6105.428183913231 64
1573116689401 6066.619853913784 65
1573124476208 6046.4945936203 66
1573132268926 6030.2935935258865 67
1573140057529 6001.157364726067 68
1573147849607 5989.218482196331 69
1573155642226 5964.4577305316925 70
1573163429703 5948.821391522884 71
1573171207883 5929.47283834219 72
1573178987703 5920.190503299236 73
1573188993884 5712.991784393787 72
1573196833569 5674.119988501072 73
1573204671442 5656.670339226723 74
1573212497183 5632.52872133255 75
1573220325277 5613.330648779869 76
1573228148635 5601.351110100746 77
