1572473802758 0.11962062713135758 0
1572481628266 0.2862320056635864 1
1572489446834 0.36884340605088956 2
1572497261242 0.4205751475022382 3
1572505072864 0.45599207597448266 4
1572512879718 0.48287147577169875 5
1572520690227 0.5050130076719116 6
1572528505887 0.5235866986895541 7
1572536310747 0.5379837288971695 8
1572544106925 0.550914127510309 9
1572551922298 0.561991528036548 10
1572559737655 0.5722883901942526 11
1572567546046 0.5794654404929256 12
1572575346537 0.5885001721087103 13
1572583159121 0.5956436592575363 14
1572590964856 0.6015656038596061 15
1572598770027 0.6078832814145229 16
1572606569080 0.6132947539235712 17
1572614367877 0.617896027606081 18
1572622149384 0.6228415187091144 19
1572629940867 0.627392837936038 20
1572637721945 0.6311027368016816 21
1572645504916 0.6354784348956849 22
1572653286510 0.6384780438459623 23
1572661083370 0.642098961337593 24
1572668871392 0.6459150134213573 25
1572676661292 0.648389320049611 26
1572684453327 0.650447599727436 27
1572692249968 0.6536602956523232 28
1572700044616 0.6558145815494779 29
1572717508538 0.6562274863464326 28
1572725314814 0.6588899027215032 29
1572733098118 0.6612463480561083 30
1572740880084 0.6637955863677413 31
1572748668243 0.666223060693883 32
1572756450684 0.6678091146587447 33
1572764252917 0.6701460465341365 34
1572772041174 0.6731066285659871 35
1572779831768 0.6745756017755686 36
1572787624983 0.6754115583682689 37
1572857861976 0.6838101512136981 36
1572865673220 0.686068248713868 37
1572873445986 0.6882849776805053 38
1572881223310 0.6898483960326796 39
1572889001090 0.6914024479244314 40
1572896789788 0.6925716944004958 41
1572904570120 0.6932328103986444 42
1572912364556 0.6961660735875963 43
1572920158336 0.6969450508793935 44
1572927952184 0.6868136628558181 45
1572940412328 0.700629972517244 45
1572948224619 0.7030199810016962 46
1572956016068 0.7045529583574975 47
1572963812915 0.7060071013380769 48
1572971612055 0.7066526065688548 49
1572979413382 0.7078460497343437 50
1572987204924 0.7093290726345589 51
1572995019079 0.7107028201631793 52
1573002774224 0.7112858823244744 53
1573010563623 0.7066931945640186 54
1573030957054 0.7141988515158445 54
1573038765356 0.7153212656897969 55
1573046562209 0.7164093361755337 56
1573054360316 0.717541897348277 57
1573062151144 0.7184075143989815 58
1573069944782 0.7189616966406409 59
1573077727955 0.7199896656720006 60
1573085520129 0.7211300322284292 61
1573093311906 0.7218442248356381 62
1573101116028 0.7194261169699189 63
1573108900382 0.7034282025684395 64
1573116689412 0.705487262784633 65
1573124476220 0.7062857535356437 66
1573132268939 0.706940625226844 67
1573140057541 0.7085594618031841 68
1573147849618 0.7085852195693457 69
1573155642237 0.7103164536707549 70
1573163429716 0.7106747207819121 71
1573171207894 0.7113397394719033 72
1573178987716 0.711400621464649 73
1573188993897 0.7211206657680068 72
1573196833583 0.7226099329751703 73
1573204671455 0.7232078253654676 74
1573212497197 0.7237877653732886 75
1573220325311 0.7247002147261051 76
1573228148648 0.7253254259593012 77
