1571859592453 0.09352566839451844 0
1571862830846 0.22352823636575092 1
1571866062666 0.298882191002422 2
1571869296301 0.34838159271976255 3
1571872530521 0.3845540823327482 4
1571875767390 0.41294070171960406 5
1571879002461 0.4361898175647671 6
1571882242916 0.4556541028609073 7
1571885476058 0.47307337763148755 8
1571888706478 0.4885561367097342 9
1571891940501 0.5019454918835717 10
1571895176209 0.5129830849530155 11
1571898409449 0.5241994213088536 12
1571901650652 0.5344549149330259 13
1571904883881 0.5433889570992696 14
1571908116930 0.5520388832993669 15
1571911352951 0.5599168570529838 16
1571914586724 0.5672718700996826 17
1571917823343 0.5727348581410542 18
1571921059911 0.5797292624614901 19
1571924280343 0.5861726066937409 20
1571927514588 0.5922397314323582 21
1571930750270 0.5972429823746631 22
1571933987391 0.6022267198577547 23
1571937227599 0.606998150904605 24
1571940462564 0.6120490146873905 25
1571943698718 0.616461398084715 26
1571946935035 0.6200214335836 27
1571950171773 0.6242948811513254 28
1571953410985 0.6278471112665249 29
1571956643858 0.6315944759738582 30
1571959880153 0.6346432588413532 31
1571963119929 0.6391352571522682 32
1571966361305 0.6419038267454594 33
1571969603099 0.6452016013525169 34
1571972838048 0.6480599328580895 35
1571976074923 0.6511227654162182 36
1571979324958 0.6541715482837132 37
1571982564260 0.6578564699215637 38
1571985805857 0.659159968997016 39
1571989047217 0.6624632073726532 40
1571992284458 0.6648891206220578 41
1571995520796 0.6671550235059129 42
1571998765644 0.6695622038344727 43
1572002005395 0.6712450445570328 44
1572005239173 0.6745279889350881 45
1572008483145 0.676504312084217 46
1572011724411 0.6783409188653782 47
1572014967737 0.6803586105480394 48
1572018204735 0.6826775900409549 49
1572021448082 0.6844829752873747 50
1572024684428 0.687197687733137 51
1572027927179 0.6887158348599363 52
1572031165900 0.6904166279649726 53
1572034407685 0.6921142989165346 54
1572037649228 0.6934115536850387 55
1572040884929 0.6955923778867236 56
1572044127194 0.697433667898096 57
1572047367196 0.6979316513772209 58
1572050608378 0.7002022374912873 59
1572053847249 0.7010678545419918 60
1572057092786 0.7035897740107262 61
1572060327798 0.7043094303865148 62
1572063566820 0.7067907618600854 63
1572066805856 0.707942836492042 64
1572070042683 0.7088271864635914 65
1572073279034 0.7103515778973389 66
1572076523508 0.7116980065830606 67
1572079756227 0.7125846981697156 68
1572082994759 0.7139459570844394 69
1572086217009 0.7151971600892 70
1572089457841 0.7166052513060358 71
1572092705567 0.7180547110564041 72
1572095924982 0.7186151376050117 73
1572099164765 0.7205844359088237 74
1572102406639 0.720625804442356 75
1572105643807 0.7217927093033149 76
1572108883749 0.7231406990657736 77
1572112122904 0.7236855148470106 78
1572115363146 0.7255510015478076 79
1572118598815 0.7261606020136329 80
1572121839256 0.7270348049863913 81
1572125081604 0.7286060287222509 82
1572128318100 0.7290041032902034 83
1572131562451 0.730178032996479 84
1572134806678 0.7314495299988214 85
1572138046363 0.7317500372707071 86
1572141267088 0.7330808551890581 87
1572144513330 0.7335499587485472 88
1572147735362 0.7346075882379112 89
1572150972213 0.7346630064620772 90
1572154210497 0.735660534497064 91
1572157448857 0.737125605014803 92
1572160685821 0.7375798783452899 93
1572163923192 0.7380614705186755 94
1572167163150 0.7386133111452293 95
1572170403256 0.7402259034146212 96
1572173646322 0.7410103444749981 97
1572176887633 0.7413217792840434 98
1572180107959 0.7426611831244483 99
1572183381545 0.7688209265458757 93
1572186607330 0.7780952834408005 94
1572189828365 0.7821876461070258 95
1572193049678 0.7840804516507216 96
1572196268539 0.7862074187049776 97
1572199488388 0.7876428287647121 98
1572202709178 0.7891078992824511 99
1572205926389 0.7900991830104896 100
1572209143791 0.7918749077989052 101
1572212361247 0.7929223902894783 102
1572215581285 0.7937864462634457 103
1572218800371 0.7945552765564521 104
1572222022805 0.795190634788439 105
1572225247431 0.7957534029521522 106
1572228468634 0.7967969827508826 107
1572231686158 0.7970186556475464 108
1572234911753 0.797183349243307 109
1572238132533 0.7985250946988176 110
1572241350347 0.7984509435538069 111
1572244573105 0.799389150672785 112
1572247790491 0.7993665150600976 113
1572251011082 0.8005388836896361 114
1572254232120 0.8007074799772395 115
1572257449520 0.801333471748804 116
1572260652672 0.8012827367548493 117
1572263873782 0.8025550142955602 118
1572267094626 0.8022146995668793 119
1572270313895 0.8025995049825667 120
1572273540969 0.8029577720937239 121
1572276760573 0.8034073621939997 122
1572280011392 0.7934000797710212 99
1572283214416 0.7940112413135836 100
1572286413766 0.794349214427159 101
1572289610965 0.7940221688507431 102
1572292810969 0.794419462880327 103
1572296012542 0.7945779121691395 104
1572299215289 0.7956480302724 105
1572302414154 0.7916305992895539 106
1572305607890 0.7921379492291013 107
1572308809597 0.7922784461354374 108
1572312008731 0.7924790444961508 109
1572315211403 0.7924158208882995 110
1572318418116 0.7922472246006961 111
1572321616687 0.7922003922985841 112
1572324817116 0.7926897898556551 113
1572328015392 0.7924259678870904 114
1572331210844 0.7921761956091594 115
1572334411540 0.792961417207905 116
1572337614449 0.7923486945886056 117
1572340812564 0.7927639410006658 118
1572344012753 0.792393185275612 119
1572347213882 0.7932541190961053 120
1572350413952 0.7931955787184652 121
1572353635039 0.7932353861752606 122
1572356836048 0.7928997546767907 123
1572360032694 0.7938403034108746 124
1572363240618 0.7930675704260256 125
1572366441579 0.7934578396102928 126
1572369643544 0.7931190859583489 127
1572372841350 0.7933157816272196 128
1572377252651 0.7944858086416525 124
1572380476301 0.7948276844470705 125
1572383698274 0.7952679080869238 126
1572386915298 0.7948823221328679 127
1572390138969 0.7953639143062536 128
1572393358269 0.7955504629763333 129
1572396577159 0.7960866928355164 130
1572399796455 0.7928131149178834 131
1572403011613 0.7934024213861268 132
1572406233184 0.7935991170549975 133
1572409464630 0.7940206077740061 134
1572412682732 0.7938965021734091 135
1572415904470 0.7938324980271892 136
1572419122545 0.7938590363317194 137
1572422338924 0.7944007299594823 138
1572425578369 0.7941275415304953 139
1572428798568 0.7941228583002841 140
1572432019386 0.7949869142742515 141
1572435240572 0.7944100964199047 142
1572438461311 0.7950290633461524 143
