1571859592431 12854.117887496948 0
1571862830823 9819.100416183472 1
1571866062643 8535.867689609528 2
1571869296279 7767.071057796478 3
1571872530499 7226.691626787186 4
1571875767369 6811.215148448944 5
1571879002447 6479.402827739716 6
1571882242893 6210.641252994537 7
1571885476042 5969.250905990601 8
1571888706455 5760.141898274422 9
1571891940481 5582.697252392769 10
1571895176186 5420.819194436073 11
1571898409427 5279.948282718658 12
1571901650626 5148.602225422859 13
1571904883855 5025.11136341095 14
1571908116907 4918.665674090385 15
1571911352925 4817.03854393959 16
1571914586701 4718.698741555214 17
1571917823319 4642.989905238152 18
1571921059888 4551.958132743835 19
1571924280320 4480.945417404175 20
1571927514565 4405.642278075218 21
1571930750247 4336.652522683144 22
1571933987367 4274.242771983147 23
1571937227578 4213.713084697723 24
1571940462541 4154.295003771782 25
1571943698699 4100.587230801582 26
1571946935010 4047.562653183937 27
1571950171748 3998.110741496086 28
1571953410962 3954.3059606552124 29
1571956643834 3908.915298819542 30
1571959880130 3864.950779557228 31
1571963119906 3818.155895590782 32
1571966361282 3782.0218715667725 33
1571969603079 3746.336902499199 34
1571972838025 3705.570973277092 35
1571976074896 3668.150502204895 36
1571979324936 3636.911492705345 37
1571982564237 3592.811637043953 38
1571985805831 3567.9288647174835 39
1571989047194 3533.257325053215 40
1571992284444 3503.610279083252 41
1571995520772 3473.1993905305862 42
1571998765621 3447.0171004533768 43
1572002005371 3419.943016052246 44
1572005239156 3388.6493096351624 45
1572008483122 3361.8503662347794 46
1572011724386 3341.566752910614 47
1572014967722 3313.6524982452393 48
1572018204712 3290.7769112586975 49
1572021448072 3268.287830710411 50
1572024684405 3238.4203286767006 51
1572027927161 3223.7828592658043 52
1572031165883 3201.6477704048157 53
1572034407661 3180.6803596019745 54
1572037649203 3159.59068775177 55
1572040884918 3138.5583354234695 56
1572044127171 3111.8620609641075 57
1572047367185 3109.642542719841 58
1572050608354 3082.9272106289864 59
1572053847227 3071.000039935112 60
1572057092759 3044.618763387203 61
1572060327782 3030.880727350712 62
1572063566799 3009.8809716701508 63
1572066805835 2998.1530166864395 64
1572070042661 2984.094123482704 65
1572073279009 2964.4483145475388 66
1572076523485 2948.0851805210114 67
1572079756205 2939.9812079072 68
1572082994734 2925.4278239011765 69
1572086216985 2910.619795322418 70
1572089457817 2890.9867763519287 71
1572092705543 2879.6331241726875 72
1572095924957 2869.4090618491173 73
1572099164739 2847.3082951307297 74
1572102406621 2846.9089946746826 75
1572105643790 2832.6045475006104 76
1572108883723 2818.6268675923347 77
1572112122879 2807.891041815281 78
1572115363122 2796.206913471222 79
1572118598792 2784.675849676132 80
1572121839231 2773.905220448971 81
1572125081579 2757.6512192487717 82
1572128318076 2754.5994635224342 83
1572131562426 2737.4258390665054 84
1572134806648 2727.3701815009117 85
1572138046339 2719.5122076272964 86
1572141267064 2709.2760558128357 87
1572144513305 2700.345421075821 88
1572147735337 2686.496939122677 89
1572150972195 2684.553699195385 90
1572154210473 2679.62452763319 91
1572157448834 2663.4658962488174 92
1572160685797 2649.374882221222 93
1572163923167 2647.6614087224007 94
1572167163125 2642.1039877533913 95
1572170403228 2623.181796133518 96
1572173646303 2619.5366854667664 97
1572176887619 2615.9541798233986 98
1572180107935 2598.4997205734253 99
1572183381520 2361.17633831501 93
1572186607304 2270.951034784317 94
1572189828340 2230.5310775637627 95
1572193049653 2213.1031818389893 96
1572196268515 2189.5938722491264 97
1572199488364 2177.088927388191 98
1572202709151 2161.4571771621704 99
1572205926365 2151.542608976364 100
1572209143773 2133.2623786330223 101
1572212361232 2122.779535651207 102
1572215581262 2118.428378403187 103
1572218800353 2106.087873697281 104
1572222022783 2101.3544113636017 105
1572225247403 2096.3460913300514 106
1572228468609 2083.916334629059 107
1572231686132 2084.5664182901382 108
1572234911726 2076.3130500912666 109
1572238132509 2066.1181613206863 110
1572241350320 2068.58049929142 111
1572244573080 2059.8385900855064 112
1572247790465 2060.8664291501045 113
1572251011055 2044.308659374714 114
1572254232096 2046.5938890576363 115
1572257449495 2039.1998005509377 116
1572260652646 2034.9676916003227 117
1572263873757 2030.8883687853813 118
1572267094600 2027.2937738895416 119
1572270313869 2024.3024415373802 120
1572273540943 2023.1485401391983 121
1572276760545 2020.6364138126373 122
1572280011366 2122.1266357302666 99
1572283214388 2114.6564195156097 100
1572286413740 2111.3748502135277 101
1572289610938 2117.144496381283 102
1572292810941 2110.75322252512 103
1572296012515 2110.8849927783012 104
1572299215266 2101.700825870037 105
1572302414142 2138.670803785324 106
1572305607863 2130.6109181642532 107
1572308809568 2129.4739456772804 108
1572312008704 2132.5798936486244 109
1572315211377 2128.1178216934204 110
1572318418091 2130.016492843628 111
1572321616660 2131.5071092247963 112
1572324817092 2125.368380367756 113
1572328015364 2130.7304785847664 114
1572331210817 2127.6063576340675 115
1572334411515 2122.4446789622307 116
1572337614419 2129.768848180771 117
1572340812538 2125.7912287712097 118
1572344012732 2131.2920024991035 119
1572347213855 2118.3824494481087 120
1572350413930 2124.7962058782578 121
1572353635001 2120.450617015362 122
1572356836020 2120.359647870064 123
1572360032673 2120.3831500411034 124
1572363240605 2119.8464819192886 125
1572366441553 2119.523861527443 126
1572369643520 2121.7304695248604 127
1572372841323 2122.2838488817215 128
1572377252627 2112.12336397171 124
1572380476274 2105.9121472239494 125
1572383698250 2102.41247433424 126
1572386915269 2108.253812611103 127
1572390138942 2101.6930050849915 128
1572393358240 2102.201820194721 129
1572396577131 2096.5454917550087 130
1572399796440 2126.6394072771072 131
1572403011588 2117.6367627978325 132
1572406233171 2115.636676430702 133
1572409464603 2118.0986339449883 134
1572412682702 2112.7145986557007 135
1572415904445 2113.6663551926613 136
1572419122515 2114.2684272527695 137
1572422338897 2107.258952856064 138
1572425578342 2112.0900344848633 139
1572428798549 2108.052849650383 140
1572432019361 2102.200964152813 141
1572435240545 2108.6766907572746 142
1572438461283 2103.682607114315 143
