1572609144817 0.10203587822664804 0
1572616111201 0.10611263012550276 0
1572622503102 0.2604445790439498 1
1572628884032 0.34121000618966923 2
1572635276825 0.3919340726072401 3
1572641676858 0.4299455106164926 4
1572648068107 0.45850775113626874 5
1572654459231 0.480886566700516 6
1572660856321 0.500325874768863 7
1572667259475 0.5161450458839479 8
1572673649377 0.529759976646292 9
1572680038632 0.5409661660033391 10
1572686428085 0.5518718480885005 11
1572692824006 0.5609151656263391 12
1572699215267 0.5691264292633201 13
1572705513528 0.5758773056127734 14
1572711808020 0.5837576209814958 15
1572718203735 0.5891183584965894 16
1572724604451 0.5951199180122497 17
1572730993122 0.6009716141611515 18
1572737372543 0.6059030555735513 19
1572743770830 0.6102990476651365 20
1572750177080 0.6145787395398102 21
1572756565226 0.6183440566296197 22
1572762973443 0.6225667692033904 23
1572769346899 0.6258723491941331 24
1572775736749 0.6295463432948242 25
1572782155248 0.632238420127899 26
1572788563074 0.6359608076074391 27
1572794845842 0.6381798781891822 28
1572801129799 0.6410585036923367 29
1572807411801 0.6432393278940216 30
1572813697751 0.6461522970853917 31
1572819974059 0.6484377134284601 32
1572826245750 0.6507925976863281 33
1572832519122 0.6526705730010217 34
1572838760277 0.6554001156757863 35
1572845047332 0.6566318052213334 36
1572851336830 0.6591958737619685 37
1572857731316 0.6602925301697593 38
1572864131535 0.6624429133750713 39
1572904190654 0.6635325449375452 39
1572910590983 0.6653824208709715 40
1572916985799 0.6673314251772017 41
1572923385223 0.6689424563698565 42
1572929758961 0.6704840196477118 43
1572936066540 0.6716883903503602 44
1572942469213 0.6732401006270065 45
1572948859715 0.6747465396782777 46
1572955246268 0.6762740532654994 47
1572961654661 0.6778562045385184 48
1572968051261 0.6786945027463243 49
1572974467376 0.6803063144773476 50
1572980866926 0.6806825339709811 51
1572987268443 0.6823731800772265 52
1572993675481 0.6832583105871444 53
1573029543957 0.6862914826872687 50
1573035938761 0.6886799300949837 51
1573042322725 0.6897617562737722 52
1573048703185 0.6913337605480003 53
1573055098431 0.6920877606120045 54
1573061486672 0.6935036572125257 55
1573067871549 0.6941444792130924 56
1573074247637 0.6953816325272193 57
1573080633407 0.6962870570347192 58
1573087010308 0.6973173676811845 59
1573093380269 0.6981369329681455 60
1573099768156 0.6987621442013414 61
1573106149102 0.6903057915166407 62
1573112533329 0.691974582548567 63
1573118919516 0.6928292720621121 64
1573125299482 0.693999299076545 65
1573131676699 0.694611241157476 66
1573138052216 0.6951802536281375 67
1573144429781 0.6963042288788269 68
1573150811103 0.6971175498588397 69
1573187592876 0.7028755814035172 69
1573194093015 0.7041353703303317 70
1573200590726 0.7050923103701547 71
1573207089493 0.7058252358982084 72
1573213581011 0.7066276293410617 73
1573220071129 0.7074745134709214 74
1573226563155 0.7076673064479494 75
