1572609144807 25177.299478769302 0
1572616111189 24953.558780431747 0
1572622503074 18277.957896471024 1
1572628884021 15728.62849020958 2
1572635276815 14240.53608751297 3
1572641676849 13170.816312789917 4
1572648068098 12375.55322766304 5
1572654459220 11768.516943097115 6
1572660856311 11258.396156311035 7
1572667259463 10843.124737977982 8
1572673649357 10475.10717201233 9
1572680038619 10190.987911581993 10
1572686428075 9903.222313046455 11
1572692823996 9674.97667992115 12
1572699215257 9461.418183684349 13
1572705513517 9275.89674437046 14
1572711808008 9089.879212617874 15
1572718203723 8957.729590535164 16
1572724604441 8797.422204971313 17
1572730993104 8664.734760522842 18
1572737372533 8545.680204868317 19
1572743770818 8416.664447426796 20
1572750177067 8311.8000279665 21
1572756565216 8225.677025675774 22
1572762973430 8113.181171178818 23
1572769346889 8019.363173723221 24
1572775736737 7935.890901207924 25
1572782155236 7870.205330967903 26
1572788563062 7787.88736975193 27
1572794845832 7717.507318139076 28
1572801129789 7648.23437666893 29
1572807411789 7594.796274423599 30
1572813697741 7527.393757939339 31
1572819974045 7464.614747285843 32
1572826245740 7413.083533287048 33
1572832519112 7364.918568968773 34
1572838760266 7302.130309104919 35
1572845047322 7260.577893853188 36
1572851336818 7206.32006251812 37
1572857731305 7172.068174242973 38
1572864131508 7135.035262167454 39
1572904190643 7094.009277045727 39
1572910590970 7043.27916687727 40
1572916985789 7006.200532734394 41
1572923385211 6970.540665090084 42
1572929758951 6934.024589300156 43
1572936066530 6884.571207225323 44
1572942469203 6854.734184145927 45
1572948859702 6809.50525611639 46
1572955246257 6789.323552906513 47
1572961654650 6741.913418889046 48
1572968051248 6720.671755254269 49
1572974467365 6682.616149663925 50
1572980866913 6671.788313448429 51
1572987268416 6629.8325998187065 52
1572993675453 6604.308804690838 53
1573029543945 6533.802043437958 50
1573035938750 6479.2202889323235 51
1573042322715 6454.443848252296 52
1573048703172 6426.631293773651 53
1573055098418 6404.010799884796 54
1573061486661 6367.330164253712 55
1573067871538 6350.274978399277 56
1573074247626 6319.687545537949 57
1573080633394 6305.0887597203255 58
1573087010298 6269.553649544716 59
1573093380256 6262.377727925777 60
1573099768120 6234.892059803009 61
1573106149089 6428.7563844919205 62
1573112533316 6393.825670838356 63
1573118919505 6375.444040954113 64
1573125299471 6349.173174500465 65
1573131676663 6337.973965346813 66
1573138052202 6311.989829421043 67
1573144429767 6297.314218342304 68
1573150811090 6272.975879728794 69
1573187592862 6141.600326240063 69
1573194093002 6105.044523835182 70
1573200590714 6087.0200111866 71
1573207089480 6062.905709385872 72
1573213580997 6053.207807421684 73
1573220071116 6027.00435000658 74
1573226563142 6020.928071975708 75
